11111111111111111111111111
00000000000011000000000000
01111011111011011111011110
01111011111011011111011110
01111011111011011111011110
00000000000000000000000000
11111011011111111011011110
11111011011111111011011110
00000011000011000011000000
11111011111011011111011111
11111011111011011111011111
11111011000000000011011111
11111011011111111011011111
11111011011111111011011111
00000000011111111000000000
11111011011111111011011111
11111011011111111011011111
11111011000000000011011111
11111011011111111011011111
11111011011111111011011111
00000000000011000000000000
01111011111011011111011110
01111011111011011111011110
00011000000000000000011000
11011011011111111011011011
11011011011111111011011011
00000011000011000011000000
01111111111011011111111110
01111111111011011111111110
00000000000000000000000000
11111111111111111111111111